ACC: 0.93167
Precision: 0.93678
Recall: 0.93167
F_measure: 0.94959
G-mean: 0.90139
Average_AUC: 0.86694
P-value: 9.4917e-31
