ACC: 0.9
Precision: 0.90566
Recall: 0.9
F_measure: 0.89933
G-mean: 0.80417
Average_AUC: 0.80903
P-value: 0.041417
